0 0.03515625 0.7666015625 0.0634765625 0.29296875
0 0.1162109375 0.728515625 0.064453125 0.263671875
0 0.166015625 0.5263671875 0.0419921875 0.1552734375
0 0.18359375 0.68359375 0.0556640625 0.216796875
0 0.2470703125 0.6845703125 0.0546875 0.2421875
0 0.298828125 0.65234375 0.0478515625 0.212890625
0 0.345703125 0.6328125 0.04296875 0.205078125
0 0.2236328125 0.5029296875 0.041015625 0.15625
0 0.271484375 0.4912109375 0.0302734375 0.1484375
0 0.30859375 0.4833984375 0.033203125 0.130859375
0 0.3369140625 0.4765625 0.0244140625 0.1201171875
0 0.388671875 0.61328125 0.0439453125 0.19140625
0 0.4248046875 0.5966796875 0.0390625 0.1787109375
0 0.4560546875 0.5732421875 0.03515625 0.1474609375
0 0.4833984375 0.5439453125 0.03125 0.1103515625
0 0.5107421875 0.560546875 0.029296875 0.154296875
0 0.537109375 0.5498046875 0.0263671875 0.1455078125
0 0.55859375 0.5390625 0.02734375 0.1337890625
0 0.5751953125 0.5283203125 0.0224609375 0.1259765625