0 0.2333984375 0.03515625 0.29296875 0.0625
0 0.271484375 0.1162109375 0.263671875 0.064453125
0 0.4736328125 0.166015625 0.15625 0.04296875
0 0.31640625 0.18359375 0.216796875 0.0546875
0 0.3154296875 0.2470703125 0.2421875 0.0546875
0 0.34765625 0.298828125 0.212890625 0.046875
0 0.3671875 0.345703125 0.205078125 0.04296875
0 0.4970703125 0.2236328125 0.15625 0.041015625
0 0.5087890625 0.271484375 0.1484375 0.03125
0 0.5166015625 0.30859375 0.130859375 0.033203125
0 0.5234375 0.3369140625 0.12109375 0.0234375
0 0.38671875 0.388671875 0.19140625 0.04296875
0 0.4033203125 0.4248046875 0.1796875 0.0390625
0 0.4267578125 0.4560546875 0.1484375 0.03515625
0 0.4560546875 0.4833984375 0.109375 0.03125
0 0.439453125 0.5107421875 0.154296875 0.029296875
0 0.4501953125 0.537109375 0.14453125 0.02734375
0 0.4609375 0.55859375 0.1328125 0.02734375
0 0.4716796875 0.5751953125 0.125 0.0234375