0 0.0205078125 0.4990234375 0.029296875 0.08203125
0 0.046875 0.5009765625 0.03125 0.08203125
0 0.0732421875 0.5078125 0.02734375 0.08203125
0 0.0986328125 0.509765625 0.03125 0.08203125
0 0.025390625 0.375 0.02734375 0.0703125
0 0.0517578125 0.3798828125 0.02734375 0.07421875
0 0.0771484375 0.3837890625 0.0234375 0.072265625
0 0.103515625 0.3876953125 0.02734375 0.072265625
0 0.005859375 0.2294921875 0.01171875 0.08203125
0 0.025390625 0.2333984375 0.02734375 0.08203125
0 0.0517578125 0.2392578125 0.029296875 0.08203125
0 0.080078125 0.24609375 0.02734375 0.08203125
0 0.1044921875 0.2509765625 0.02734375 0.08203125
0 0.1298828125 0.2568359375 0.02734375 0.083984375
0 0.1611328125 0.51953125 0.0234375 0.07421875
0 0.177734375 0.5166015625 0.021484375 0.07421875
0 0.1923828125 0.51171875 0.0234375 0.07421875
0 0.2109375 0.5068359375 0.025390625 0.07421875
0 0.2353515625 0.509765625 0.02734375 0.07421875
0 0.255859375 0.5126953125 0.0234375 0.07421875
0 0.2783203125 0.515625 0.0234375 0.07421875
0 0.2978515625 0.5166015625 0.021484375 0.07421875
0 0.318359375 0.51953125 0.0234375 0.07421875
0 0.2021484375 0.24609375 0.03125 0.083984375
0 0.181640625 0.2509765625 0.01953125 0.07421875
0 0.1455078125 0.3896484375 0.01953125 0.078125
0 0.1552734375 0.3837890625 0.021484375 0.080078125
0 0.1708984375 0.37890625 0.021484375 0.078125
0 0.1884765625 0.3740234375 0.02734375 0.076171875
0 0.2138671875 0.3759765625 0.025390625 0.08203125
0 0.23828125 0.380859375 0.025390625 0.078125
0 0.2626953125 0.3837890625 0.025390625 0.078125
0 0.2822265625 0.3876953125 0.0234375 0.078125
0 0.306640625 0.39453125 0.025390625 0.07421875
0 0.3251953125 0.400390625 0.021484375 0.07421875
0 0.3408203125 0.392578125 0.0234375 0.076171875
0 0.3623046875 0.39453125 0.025390625 0.078125
0 0.3828125 0.3984375 0.01953125 0.07421875
0 0.228515625 0.25 0.0234375 0.08203125
0 0.25 0.255859375 0.0234375 0.0859375
0 0.1650390625 0.0302734375 0.029296875 0.060546875
0 0.1337890625 0.0263671875 0.033203125 0.052734375
0 0.1123046875 0.0302734375 0.02734375 0.060546875
0 0.091796875 0.037109375 0.02734375 0.07421875
0 0.0634765625 0.048828125 0.02734375 0.09765625
0 0.0810546875 0.0419921875 0.02734375 0.083984375
0 0.044921875 0.060546875 0.0234375 0.08984375
0 0.029296875 0.0693359375 0.0234375 0.08984375
0 0.017578125 0.080078125 0.021484375 0.08984375
0 0.0048828125 0.091796875 0.0078125 0.087890625
0 0.1943359375 0.0341796875 0.02734375 0.068359375
0 0.2197265625 0.041015625 0.03125 0.08203125
0 0.2490234375 0.04296875 0.03125 0.0859375
0 0.275390625 0.052734375 0.02734375 0.08984375
0 0.3017578125 0.0615234375 0.03125 0.08984375
0 0.328125 0.068359375 0.029296875 0.08984375
0 0.353515625 0.0751953125 0.02734375 0.083984375
0 0.400390625 0.39453125 0.0234375 0.0703125
0 0.416015625 0.388671875 0.0234375 0.07421875
0 0.431640625 0.3837890625 0.025390625 0.076171875
0 0.4501953125 0.376953125 0.0234375 0.07421875
0 0.4677734375 0.3720703125 0.0234375 0.078125
0 0.48828125 0.365234375 0.0234375 0.08203125
0 0.509765625 0.3701171875 0.0234375 0.080078125
0 0.53125 0.376953125 0.01953125 0.080078125
0 0.548828125 0.3837890625 0.021484375 0.076171875
0 0.2705078125 0.2470703125 0.0234375 0.08203125
0 0.2861328125 0.2412109375 0.025390625 0.080078125
0 0.302734375 0.2333984375 0.02734375 0.08203125
0 0.31640625 0.2265625 0.0234375 0.08203125
0 0.33203125 0.2158203125 0.025390625 0.0859375
0 0.353515625 0.20703125 0.02734375 0.0859375
0 0.375 0.2158203125 0.02734375 0.0859375
0 0.40234375 0.2197265625 0.02734375 0.08203125
0 0.42578125 0.2255859375 0.02734375 0.08203125
0 0.451171875 0.2392578125 0.02734375 0.08203125
0 0.470703125 0.2451171875 0.0234375 0.080078125
0 0.494140625 0.2470703125 0.025390625 0.0703125
0 0.515625 0.25390625 0.021484375 0.0703125
0 0.5302734375 0.2587890625 0.01953125 0.0625
0 0.55078125 0.265625 0.021484375 0.0625
0 0.6728515625 0.4423828125 0.025390625 0.072265625
0 0.6962890625 0.44140625 0.02734375 0.072265625
0 0.7177734375 0.435546875 0.0234375 0.07421875
0 0.7373046875 0.4345703125 0.025390625 0.07421875
0 0.7587890625 0.4306640625 0.025390625 0.076171875
0 0.7802734375 0.4296875 0.029296875 0.078125
0 0.80078125 0.419921875 0.0234375 0.08203125
0 0.8203125 0.4169921875 0.01953125 0.078125
0 0.83984375 0.3984375 0.021484375 0.0546875
0 0.8369140625 0.2802734375 0.0234375 0.078125
0 0.8173828125 0.28125 0.021484375 0.08203125
0 0.7978515625 0.3017578125 0.017578125 0.05078125
0 0.7783203125 0.3076171875 0.025390625 0.0546875
0 0.755859375 0.3125 0.0234375 0.046875
0 0.734375 0.3173828125 0.0234375 0.046875
0 0.7109375 0.318359375 0.0234375 0.0546875
0 0.69140625 0.3173828125 0.0234375 0.0625
0 0.66796875 0.3193359375 0.029296875 0.0703125
0 0.8857421875 0.1435546875 0.021484375 0.078125
0 0.8671875 0.146484375 0.015625 0.078125
0 0.8505859375 0.146484375 0.017578125 0.06640625
0 0.814453125 0.21875 0.0234375 0.099609375
0 0.7958984375 0.21484375 0.0234375 0.1015625
0 0.7744140625 0.2080078125 0.02734375 0.10546875
0 0.751953125 0.20703125 0.025390625 0.103515625
0 0.732421875 0.201171875 0.029296875 0.10546875
0 0.705078125 0.2021484375 0.033203125 0.1015625
0 0.67578125 0.208984375 0.03515625 0.10546875
0 0.6474609375 0.21875 0.03515625 0.1015625
0 0.6181640625 0.228515625 0.03515625 0.09765625
0 0.4033203125 0.1162109375 0.04296875 0.08984375
0 0.4267578125 0.095703125 0.044921875 0.1015625
0 0.451171875 0.083984375 0.046875 0.09375
0 0.474609375 0.0693359375 0.05078125 0.103515625
0 0.4970703125 0.052734375 0.044921875 0.1015625
0 0.5244140625 0.048828125 0.044921875 0.09765625
0 0.55859375 0.05078125 0.03515625 0.1015625
0 0.6064453125 0.0634765625 0.04296875 0.09765625
0 0.6328125 0.0517578125 0.044921875 0.09765625
0 0.6640625 0.044921875 0.0390625 0.08984375
0 0.6953125 0.0400390625 0.044921875 0.080078125
0 0.7255859375 0.041015625 0.02734375 0.08203125
0 0.7490234375 0.0458984375 0.029296875 0.08984375
0 0.7705078125 0.0498046875 0.029296875 0.09765625
0 0.7890625 0.044921875 0.044921875 0.08984375
0 0.8212890625 0.0390625 0.04296875 0.078125
0 0.85546875 0.0322265625 0.0390625 0.064453125