0 0.5009765625 0.0205078125 0.08203125 0.029296875
0 0.4990234375 0.046875 0.08203125 0.03125
0 0.4921875 0.0732421875 0.08203125 0.02734375
0 0.490234375 0.0986328125 0.08203125 0.03125
0 0.625 0.025390625 0.0703125 0.02734375
0 0.6201171875 0.0517578125 0.07421875 0.02734375
0 0.6162109375 0.0771484375 0.072265625 0.0234375
0 0.6123046875 0.103515625 0.072265625 0.02734375
0 0.7705078125 0.005859375 0.08203125 0.01171875
0 0.7666015625 0.025390625 0.08203125 0.02734375
0 0.7607421875 0.0517578125 0.08203125 0.029296875
0 0.75390625 0.080078125 0.08203125 0.02734375
0 0.7490234375 0.1044921875 0.08203125 0.02734375
0 0.7431640625 0.1298828125 0.083984375 0.02734375
0 0.48046875 0.1611328125 0.07421875 0.0234375
0 0.4833984375 0.177734375 0.07421875 0.021484375
0 0.48828125 0.1923828125 0.07421875 0.0234375
0 0.4931640625 0.2109375 0.07421875 0.025390625
0 0.490234375 0.2353515625 0.07421875 0.02734375
0 0.4873046875 0.255859375 0.07421875 0.0234375
0 0.484375 0.2783203125 0.07421875 0.0234375
0 0.4833984375 0.2978515625 0.07421875 0.021484375
0 0.48046875 0.318359375 0.07421875 0.0234375
0 0.75390625 0.2021484375 0.083984375 0.03125
0 0.7490234375 0.181640625 0.07421875 0.01953125
0 0.6103515625 0.1455078125 0.078125 0.01953125
0 0.6162109375 0.1552734375 0.080078125 0.021484375
0 0.62109375 0.1708984375 0.078125 0.021484375
0 0.6259765625 0.1884765625 0.076171875 0.02734375
0 0.6240234375 0.2138671875 0.08203125 0.025390625
0 0.619140625 0.23828125 0.078125 0.025390625
0 0.6162109375 0.2626953125 0.078125 0.025390625
0 0.6123046875 0.2822265625 0.078125 0.0234375
0 0.60546875 0.306640625 0.07421875 0.025390625
0 0.599609375 0.3251953125 0.07421875 0.021484375
0 0.607421875 0.3408203125 0.076171875 0.0234375
0 0.60546875 0.3623046875 0.078125 0.025390625
0 0.6015625 0.3828125 0.07421875 0.01953125
0 0.75 0.228515625 0.08203125 0.0234375
0 0.744140625 0.25 0.0859375 0.0234375
0 0.9697265625 0.1650390625 0.060546875 0.029296875
0 0.9736328125 0.1337890625 0.052734375 0.033203125
0 0.9697265625 0.1123046875 0.060546875 0.02734375
0 0.962890625 0.091796875 0.07421875 0.02734375
0 0.951171875 0.0634765625 0.09765625 0.02734375
0 0.9580078125 0.0810546875 0.083984375 0.02734375
0 0.939453125 0.044921875 0.08984375 0.0234375
0 0.9306640625 0.029296875 0.08984375 0.0234375
0 0.919921875 0.017578125 0.08984375 0.021484375
0 0.908203125 0.0048828125 0.087890625 0.0078125
0 0.9658203125 0.1943359375 0.068359375 0.02734375
0 0.958984375 0.2197265625 0.08203125 0.03125
0 0.95703125 0.2490234375 0.0859375 0.03125
0 0.947265625 0.275390625 0.08984375 0.02734375
0 0.9384765625 0.3017578125 0.08984375 0.03125
0 0.931640625 0.328125 0.08984375 0.029296875
0 0.9248046875 0.353515625 0.083984375 0.02734375
0 0.60546875 0.400390625 0.0703125 0.0234375
0 0.611328125 0.416015625 0.07421875 0.0234375
0 0.6162109375 0.431640625 0.076171875 0.025390625
0 0.623046875 0.4501953125 0.07421875 0.0234375
0 0.6279296875 0.4677734375 0.078125 0.0234375
0 0.634765625 0.48828125 0.08203125 0.0234375
0 0.6298828125 0.509765625 0.080078125 0.0234375
0 0.623046875 0.53125 0.080078125 0.01953125
0 0.6162109375 0.548828125 0.076171875 0.021484375
0 0.7529296875 0.2705078125 0.08203125 0.0234375
0 0.7587890625 0.2861328125 0.080078125 0.025390625
0 0.7666015625 0.302734375 0.08203125 0.02734375
0 0.7734375 0.31640625 0.08203125 0.0234375
0 0.7841796875 0.33203125 0.0859375 0.025390625
0 0.79296875 0.353515625 0.0859375 0.02734375
0 0.7841796875 0.375 0.0859375 0.02734375
0 0.7802734375 0.40234375 0.08203125 0.02734375
0 0.7744140625 0.42578125 0.08203125 0.02734375
0 0.7607421875 0.451171875 0.08203125 0.02734375
0 0.7548828125 0.470703125 0.080078125 0.0234375
0 0.7529296875 0.494140625 0.0703125 0.025390625
0 0.74609375 0.515625 0.0703125 0.021484375
0 0.7412109375 0.5302734375 0.0625 0.01953125
0 0.734375 0.55078125 0.0625 0.021484375
0 0.5576171875 0.6728515625 0.072265625 0.025390625
0 0.55859375 0.6962890625 0.072265625 0.02734375
0 0.564453125 0.7177734375 0.07421875 0.0234375
0 0.5654296875 0.7373046875 0.07421875 0.025390625
0 0.5693359375 0.7587890625 0.076171875 0.025390625
0 0.5703125 0.7802734375 0.078125 0.029296875
0 0.580078125 0.80078125 0.08203125 0.0234375
0 0.5830078125 0.8203125 0.078125 0.01953125
0 0.6015625 0.83984375 0.0546875 0.021484375
0 0.7197265625 0.8369140625 0.078125 0.0234375
0 0.71875 0.8173828125 0.08203125 0.021484375
0 0.6982421875 0.7978515625 0.05078125 0.017578125
0 0.6923828125 0.7783203125 0.0546875 0.025390625
0 0.6875 0.755859375 0.046875 0.0234375
0 0.6826171875 0.734375 0.046875 0.0234375
0 0.681640625 0.7109375 0.0546875 0.0234375
0 0.6826171875 0.69140625 0.0625 0.0234375
0 0.6806640625 0.66796875 0.0703125 0.029296875
0 0.8564453125 0.8857421875 0.078125 0.021484375
0 0.853515625 0.8671875 0.078125 0.017578125
0 0.853515625 0.8505859375 0.06640625 0.017578125
0 0.78125 0.814453125 0.099609375 0.0234375
0 0.78515625 0.7958984375 0.1015625 0.0234375
0 0.7919921875 0.7744140625 0.10546875 0.02734375
0 0.79296875 0.751953125 0.103515625 0.025390625
0 0.798828125 0.732421875 0.10546875 0.029296875
0 0.7978515625 0.705078125 0.1015625 0.033203125
0 0.791015625 0.67578125 0.10546875 0.03515625
0 0.78125 0.6474609375 0.1015625 0.03515625
0 0.771484375 0.6181640625 0.09765625 0.03515625
0 0.8837890625 0.4033203125 0.08984375 0.04296875
0 0.904296875 0.4267578125 0.1015625 0.044921875
0 0.916015625 0.451171875 0.09375 0.046875
0 0.9306640625 0.474609375 0.103515625 0.05078125
0 0.947265625 0.4970703125 0.1015625 0.044921875
0 0.951171875 0.5244140625 0.09765625 0.044921875
0 0.94921875 0.55859375 0.1015625 0.03515625
0 0.9365234375 0.6064453125 0.09765625 0.044921875
0 0.9482421875 0.6328125 0.09765625 0.044921875
0 0.955078125 0.6640625 0.08984375 0.041015625
0 0.9599609375 0.6953125 0.080078125 0.044921875
0 0.958984375 0.7255859375 0.08203125 0.02734375
0 0.9541015625 0.7490234375 0.08984375 0.029296875
0 0.9501953125 0.7705078125 0.09765625 0.029296875
0 0.955078125 0.7890625 0.08984375 0.044921875
0 0.9609375 0.8212890625 0.078125 0.04296875
0 0.9677734375 0.85546875 0.064453125 0.0390625