0 0.2880859375 0.548828125 0.1484375 0.03515625
0 0.224609375 0.0712890625 0.1171875 0.046875
0 0.3701171875 0.263671875 0.072265625 0.03515625
0 0.4140625 0.3955078125 0.103515625 0.02734375
0 0.5048828125 0.4228515625 0.046875 0.01953125
0 0.53125 0.4716796875 0.0390625 0.015625
0 0.5205078125 0.515625 0.0703125 0.015625
0 0.517578125 0.62109375 0.0703125 0.017578125
0 0.5283203125 0.60546875 0.0390625 0.01171875
0 0.5029296875 0.5947265625 0.060546875 0.015625
0 0.4677734375 0.5732421875 0.080078125 0.021484375
0 0.40625 0.5625 0.10546875 0.025390625
0 0.078125 0.5078125 0.15625 0.0546875