0 0.548828125 0.7119140625 0.03515625 0.1474609375
0 0.0712890625 0.775390625 0.0478515625 0.1181640625
0 0.263671875 0.6298828125 0.0341796875 0.072265625
0 0.3955078125 0.5859375 0.02734375 0.103515625
0 0.4228515625 0.4951171875 0.0205078125 0.0458984375
0 0.4716796875 0.46875 0.0166015625 0.0400390625
0 0.515625 0.4794921875 0.015625 0.0712890625
0 0.62109375 0.482421875 0.017578125 0.0693359375
0 0.60546875 0.4716796875 0.0107421875 0.0400390625
0 0.5947265625 0.4970703125 0.0146484375 0.060546875
0 0.5732421875 0.5322265625 0.021484375 0.080078125
0 0.5625 0.59375 0.025390625 0.1044921875
0 0.5078125 0.921875 0.0556640625 0.15625