0 0.7119140625 0.548828125 0.1484375 0.03515625
0 0.775390625 0.0712890625 0.1171875 0.046875
0 0.6298828125 0.263671875 0.072265625 0.03515625
0 0.5859375 0.3955078125 0.103515625 0.02734375
0 0.4951171875 0.4228515625 0.046875 0.01953125
0 0.46875 0.4716796875 0.0390625 0.015625
0 0.4794921875 0.515625 0.0703125 0.015625
0 0.482421875 0.62109375 0.0703125 0.017578125
0 0.4716796875 0.60546875 0.0390625 0.01171875
0 0.4970703125 0.5947265625 0.060546875 0.015625
0 0.5322265625 0.5732421875 0.080078125 0.021484375
0 0.59375 0.5625 0.10546875 0.025390625
0 0.921875 0.5078125 0.15625 0.056640625