0 0.3193359375 0.228515625 0.0439453125 0.111328125
0 0.3623046875 0.216796875 0.041015625 0.115234375
0 0.3896484375 0.2109375 0.041015625 0.12109375
0 0.42578125 0.2060546875 0.048828125 0.1259765625
0 0.4609375 0.201171875 0.0498046875 0.138671875
0 0.505859375 0.20703125 0.0458984375 0.130859375
0 0.546875 0.2158203125 0.0439453125 0.12890625
0 0.5869140625 0.2177734375 0.0458984375 0.1279296875
0 0.626953125 0.22265625 0.0400390625 0.1279296875
0 0.666015625 0.228515625 0.0439453125 0.115234375
0 0.8076171875 0.2412109375 0.03515625 0.1083984375
0 0.7763671875 0.2451171875 0.037109375 0.1015625
0 0.8134765625 0.3857421875 0.03515625 0.1142578125
0 0.7822265625 0.3876953125 0.0380859375 0.115234375
0 0.86328125 0.5869140625 0.123046875 0.091796875
0 0.8603515625 0.70703125 0.1181640625 0.078125
0 0.91796875 0.76953125 0.0703125 0.115234375
0 0.8310546875 0.7783203125 0.0654296875 0.0830078125
0 0.470703125 0.3525390625 0.0322265625 0.0771484375
0 0.5078125 0.384765625 0.04296875 0.1396484375
0 0.548828125 0.384765625 0.041015625 0.1357421875
0 0.658203125 0.384765625 0.033203125 0.1279296875
0 0.751953125 0.3876953125 0.0283203125 0.12109375