0 0.771484375 0.6806640625 0.111328125 0.04296875
0 0.783203125 0.6376953125 0.115234375 0.041015625
0 0.7890625 0.6103515625 0.12109375 0.041015625
0 0.7939453125 0.57421875 0.125 0.048828125
0 0.798828125 0.5390625 0.138671875 0.05078125
0 0.79296875 0.494140625 0.130859375 0.046875
0 0.7841796875 0.453125 0.12890625 0.04296875
0 0.7822265625 0.4130859375 0.12890625 0.046875
0 0.77734375 0.373046875 0.12890625 0.0390625
0 0.771484375 0.333984375 0.115234375 0.04296875
0 0.7587890625 0.1923828125 0.109375 0.03515625
0 0.7548828125 0.2236328125 0.1015625 0.037109375
0 0.6142578125 0.1865234375 0.11328125 0.03515625
0 0.6123046875 0.2177734375 0.115234375 0.0390625
0 0.4130859375 0.13671875 0.091796875 0.123046875
0 0.29296875 0.1396484375 0.078125 0.1171875
0 0.23046875 0.08203125 0.115234375 0.0703125
0 0.2216796875 0.1689453125 0.08203125 0.06640625
0 0.6474609375 0.529296875 0.078125 0.03125
0 0.615234375 0.4921875 0.140625 0.04296875
0 0.615234375 0.451171875 0.13671875 0.041015625
0 0.615234375 0.341796875 0.12890625 0.033203125
0 0.6123046875 0.248046875 0.12109375 0.02734375