2 0.2109375 0.7685546875 0.234375 0.15234375
2 0.4814453125 0.6689453125 0.23828125 0.19921875
2 0.748046875 0.384765625 0.25 0.150390625
2 0.814453125 0.6650390625 0.2734375 0.1953125
2 0.7626953125 0.9248046875 0.29296875 0.150390625
2 0.3818359375 0.9462890625 0.2734375 0.107421875
2 0.0927734375 0.9296875 0.18359375 0.140625
2 0.103515625 0.513671875 0.20703125 0.17578125
2 0.166015625 0.1728515625 0.20703125 0.18359375
2 0.4248046875 0.2919921875 0.251953125 0.134765625
2 0.69921875 0.09375 0.25 0.1875
2 0.3984375 0.046875 0.171875 0.09375