2 0.2314453125 0.2109375 0.15234375 0.234375
2 0.3310546875 0.4814453125 0.19921875 0.23828125
2 0.615234375 0.748046875 0.150390625 0.25
2 0.3349609375 0.814453125 0.1953125 0.2734375
2 0.0751953125 0.7626953125 0.150390625 0.29296875
2 0.0537109375 0.3818359375 0.107421875 0.2734375
2 0.0703125 0.0927734375 0.140625 0.18359375
2 0.486328125 0.103515625 0.17578125 0.20703125
2 0.8271484375 0.166015625 0.18359375 0.20703125
2 0.7080078125 0.4248046875 0.134765625 0.251953125
2 0.90625 0.69921875 0.1875 0.25
2 0.953125 0.3984375 0.09375 0.171875